1,912    301,124
1,907    292,811
1,828    301,628
1,133    196,302
1,853    300,081
1,165    209,538
2,004    303,100
1,814    282,062
1,597    272,156
1,113    170,171
1,866282,178
1,745    272,438
1,382    247,148
1,701    276,398
2,138321,507
1,455    233,318
1,167    189,113
1,667263,413
2,116    343,948
489    99,686
1,879    304,672
1,209    195,390
2,215    346,905
840    145,022
1,434    240,846
1,764    288,760
1,652    287,711
2,413    381,906
1,616    262,303
1,486    262,376
702    106,561
1,860    301,988
1,185    195,255
907    157,124
1,183    206,625
1,338	205,447
964    147,274
957    174,282
2,084    336,502
114    32,844
1,044    180,839
871    137,877
1,538    259,702
1,403    245,710
217		46,291
953    179,130
606    98,903
1,776    305,925
1,889    313,362
1,564    242,114
756    120,151
2,161    333,046
1,175    185,879
1,628    269,132
2,056    340,254
655    98,266
1,429    241,359
1,114    184,181
1,183183,955
1,367    232,233
865    147,191
267    74,764
1,775    297,353
970	167,883
1,657    281,618
1,096    175,077
967    151,401
1,592	267,692
1,685    291,914
2,142    326,897
640    134,046
1,470    229,199
1,630    253,161
1,735    267,094
1,359		229,685
1,763    295,679
1,767		265,569
1,571    252,382
724    129,757
1,954    318,071
659    111,880
1,730    280,258
1,032    155,639
1,202    203,450
1,440    234,789
1,019    188,959
665    110,468
1,431    241,137
1,222    186,126
1,320    203,376
1,679    286,867
1,161    194,755
1,142    181,152
2,885    466,967
1,633    251,755
1,079		176,681
1,503    241,332
1,672    266,398
761    149,885
623    122,196
795    147,551
1,378    220,795
1,960    295,580
2,111    347,234
861    131,692
2,252    363,735
280    43,665
1,055    187,208
1,869    300,253
829    163,397
857    163,736
1,223    197,615
1,620    267,721
1,840    277,548
2,149    342,653
1,136    192,606
1,597    250,278
1,885    290,655
1,469    244,788
1,512    231,432
1,122185,089
2,332    384,934
1,330    207,907
997    156,881
1,379    228,013
2,210    353,828
1,013    182,762
932    177,372
1,292    205,528
1,638    282,546
1,686    267,340
1,136    199,837
1,003    164,561
1,440    233,638
1,467    244,775
2,481    410,531
1,204    214,509
2,043    330,918
1,989    305,770
1,526    229,777
1,311    198,847
1,462		240,200
903    144,498
1,243    223,103
1,869    288,149
1,129    205,794
1,585    271,805
1,718    289,433
1,189    204,608
1,730    286,960
2,426    390,621
1,792    287,126
1,461    241,164
1,534	231,398
1,071    171,893
1,542    249,037
847    150,639
1,303    226,407
1,535    234,532
1,006    187,102
923    154,615
509    97,135
1,299    202,114
1,703    294,275
1,153    197,046
526    82,797
1,307    200,512
1,227    203,457
1,357    221,135
1,250    187,864
1,904    293,205
1,987    302,402
1,280    227,892
1,896    316,090
2,339	354,440
1,305    227,322
2,254    373,204
619    93,961
1,089    177,994
1,224    196,268
1,487    253,688
1,901311,990
1,291		226,460
1,033    174,928
1,458    243,040
2,078    338,651
1,727    275,420
2,065    348,322
1,681    288,341
1,622    272,397
1,415    234,511
901    162,192
839    129,747
1,259    194,409
1,555		260,811
1,508    263,628
1,116    181,459
376    75,717
1,338    210,517
2,136    322,187
2,164    333,508
1,279    199,900
1,861    297,257
1,361    205,031
1,817    272,830
1,480    231,486
1,695    262,733
1,080    188,295
1,638    246,172
1,436    222,516
1,733    282,384
1,150    194,724
1,723    270,871
1,192    183,233
616    103,300
1,259    206,787
1,036    172,890
1,733    296,837
1,107    167,097
745    116,587
1,579    268,585
1,752    299,375
1,617    271,247
1,237    195,732
1,735    262,673
1,951    310,055
867    149,556
1,505    247,414
1,994    309,941
1,793    308,499
1,124    186,931
961    161,744
1,777    267,105
1,463    242,521
1,272    206,492
1,494    230,786
698    122,268
1,142    171,922
1,239	214,545
2,545    399,577
1,100    204,435
2,171    349,945
2,091    327,478
2,164    333,680
1,047    190,500
1,840    276,450
1,596    246,943
1,560    252,320
1,738    276,859
1,678    266,615
1,842    285,397
2,243    367,754
1,628    260,873
904	172,173
1,815    289,894
1,710    267,491
1,899    309,463
1,762    271,120
1,676    254,379
2,224    360,171
596    95,145
1,974		302,962
824    145,844
1,614    271,267
1,312    231,139
1,354    203,213
1,328    217,638
370    76,402
2,804    450,538
727    129,292
754    114,934
1,575    263,729
2,211    333,395
1,966    333,872
1,906    300,975
1,670    252,739
1,696    259,166
1,641    280,498
1,399    242,827
1,222    196,485
1,824	283,960
1,770    293,812
1,745    264,419
1,208    189,563
1,532    267,354
2,697    441,007
1,315    237,176
2,564    405,747
2,218    357,808
2,210    353,089
1,943    324,095
1,521    242,067
2,170    336,054
1,723    289,534
729    110,057
1,320    209,334
1,021    180,307
1,761    289,839
1,793    276,539
935    174,802
1,292    228,914
1,863    308,172
1,545    241,600
2,002    310,369
1,461    237,303
1,106    186,489
1,321    199,207
1,458    231,298
790    147,537
1,466    239,569
1,842    309,069
1,276    227,436
1,615    262,395
1,735    271,105
567    85,536
740    139,991
1,373		206,309
568    104,327
1,997    302,553
1,108    197,479
2,155    338,536
1,089    183,192
1,696    269,938
883    153,079
852    156,052
1,070    172,831
1,828    291,375
1,560    234,784
2,337    383,716
1,329    224,451
2,581    392,363
1,981    334,477
1,909    326,237
1,838    290,128
2,073    313,900
1,132    206,379
1,015    186,525
1,650    248,979
1,889    304,215
342    82,463
920    169,161
1,189    208,031
1,690    273,337
1,518    246,789
1,924    312,672
1,464    247,730
1,562    240,160
1,499    248,214
1,119    194,074
1,789    271,832
1,611    253,730
928    143,015
2,032    343,288
1,607    271,232
1,592    264,399
1,622		261,116
1,569    235,892
821    146,009
1,076    183,077
847    141,114
1,156    199,808
1,497    232,847
1,324    204,584
728    128,779
1,661    285,593
2,356    354,746
1,652    272,655
2,137    323,478
1,802281,410
2,532    419,627
1,355    218,524
1,750    277,161
1,432    239,880
1,808    283,760
1,912    322,114
1,394    231,319
493    83,470
1,548    271,209
1,681    279,120
1,447    243,226
1,212    205,031
1,838    280,782
1,734    261,794
1,263    191,619
662    100,099
1,287    209,956
1,701    268,480
1,287    230,930
2,502    383,108
1,379    238,929
1,043		171,925
1,354    227,714
1,687    282,587
1,616    249,588
1,791    272,417
1,816    287,216
2,433    366,846
733	143,021
1,645    249,543
1,303    229,988
1,864305,856
1,580    248,859
1,697    267,353
1,895    320,746
1,173		192,153
2,252339,768
1,947    321,877
2,096    316,959
1,526240,588
1,210    193,109
387    82,002
683    139,237
458    84,563
1,636    264,768
1,153    174,830
1,761    281,751
1,459	235,173
1,317    198,659
2,037330,294
742    119,829
2,292    380,701
919    139,813
1,400    224,149
1,660    257,949
1,630    257,660
2,239    350,949
448    84,526
2,202    333,742
1,200    210,016
1,753    298,379
1,599    244,297
814    129,080
2,004    319,917
1,265    207,687
800		124,130
2,107    316,837
1,102    205,209
1,877    291,429
695    112,801
1,580    247,551
1,991    299,434
1,257		217,503
1,517    249,044
2,226    366,191
1,507    241,431
1,439    218,222
1,997    338,596
2,407    378,945
949    165,450
960    152,228
2,362    394,014
2,028    327,722
1,986    315,409
872    156,967
854    128,862
1,304    228,728
1,372    230,975
1,028    176,176
2,042    328,104
297    58,866
1,487    260,452
1,548264,267
2,663    425,026
1,173    192,705
1,318199,550
967    163,266
1,409    241,741
1,594    266,809
1,072    181,059
2,104    340,212
781149,674
2,357    366,264
1,024    190,117
669    115,550
1,671    280,601
1,690    283,430
1,783    284,165
1,406    222,473
648    105,412
1,370    210,409
185    47,408
1,375224,012
2,539    408,276
1,759    294,648
1,790	284,390
796    138,863
1,028    177,131
2,318    363,617
2,003    320,789
889    158,765
2,481    386,051
1,556    245,574
1,172    200,977
1,991	322,468
1,525    231,066
1,310    200,542
1,880    308,329
1,578    252,623
1,892    316,267
2,942    463,199
1,042    184,981
1,682    284,586
1,183    192,206
969    184,591
1,747    272,494
1,387    240,518
1,128    201,232
2,453    378,449
1,855    314,563
1,296    218,829
1,575    254,014
1,260    193,411
1,747264,886
1,357    239,431
504    90,188
3,392    545,200
2,108    345,790
1,198    188,439
1,454    227,028
2,266    376,354
838    146,814
992    174,335
1,536    262,905
763    116,505
2,161    344,826
2,170    345,786
1,663    283,869
1,536    254,882
1,623    276,022
1,521    260,302
948    154,309
2,021    321,990
1,616    280,652
1,568    271,355
1,728    296,817
1,653    283,658
924	162,591
469    96,036
1,308    219,740
2,384    359,255
1,570    254,248
1,294    214,563
2,014    325,063
1,028    162,399
1,491    232,675
1,152    189,720
1,945    304,282
1,204    201,018
1,803    304,228
1,958    330,609
1,615    259,035
1,917    325,696
1,457    247,641
1,568    270,646
769    118,851
1,675    264,505
1,100    192,287
2,820    461,424
1,051    188,135
1,558    241,226
2,506    393,107
1,074    165,088
1,707    270,913
1,127    206,565
1,191    199,540
870    151,298
1,954    293,739
1,377    216,958
2,189    365,678
1,298    203,510
2,035    311,915
828    144,506
2,033344,782
2,211    361,501
1,698    289,995
970    149,895
1,978    312,717
1,520    229,155
1,423    225,334
1,535    249,160
1,810    293,417
42    42,372
1,540    237,661
657    131,896
1,104    172,827
1,820    283,905
1,710    275,131
1,338    232,270
1,386    225,872
857    156,094
938    158,340
2,058    330,944
2,321    349,019
1,616    260,790
1,346    234,303
1,415    220,892
925    166,963
1,730    265,483
1,098    187,683
1,009    179,607
2,059    325,676
1,702    267,070
1,626    247,417
515    108,390
972    169,308
1,618    265,550
2,122    329,500
1,564    271,743
1,251    213,830
1,041	173,309
1,804    283,247
1,935    292,927
876    132,065
1,390    243,311
1,446    254,562
1,330    212,317
1,004    183,986
802    128,775
1,530    263,442
2,418    401,428
987    187,510
789    127,205
1,447    234,230
1,585    262,425
1,483    225,200
1,353    208,843
1,205    185,027
1,174    214,376
2,384    386,166
1,313    226,561
1,784	301,332
1,414    227,404
597    120,273
1,854    297,310
1,013    162,044
2,017    302,945
1,198    190,549
1,768    291,014
1,857    279,428
2,488    382,767
1,785    268,497
898    136,011
902		136,782
1,505		226,900
768    140,401
1,490    227,939
1,079    173,986
875    170,036
1,569    259,302
676    137,521
2,136    352,595
1,993    314,664
1,819    311,016
1,226    198,918
1,309    229,626
1,934    315,214
1,444    236,220
1,952    319,175
1,574    257,522
1,932    298,374
1,864    281,933
1,517    253,248
665    124,599
1,943    301,132
2,747	426,514
1,916    325,246
1,913    303,802
1,479    222,990
1,509    249,971
1,443    220,692
1,610    246,767
2,186    345,187
2,469400,413
2,078    327,856
1,513    238,925
898    159,273
1,179    193,058
133    31,841
369    56,456
2,092    323,306
1,203    210,181
843    141,600
1,605    277,132
1,500    240,545
1,779    302,754
1,077    165,838
1,662    283,768
1,842    307,137
1,604    272,198
1,485    225,321
1,890    316,564
944    167,924
1,295    209,232
1,163    189,714
1,197    206,259
1,845    286,973
1,681    292,070
1,760    285,648
1,397    247,225
1,854    284,376
493    81,495
1,475    234,475
2,097    329,584
1,812    291,376
1,183    185,412
2,001    310,127
1,314    227,453
1,005    171,749
1,604	248,127
1,904    291,796
1,525    253,723
1,260	193,015
1,073    178,293
1,711    292,981
1,797    307,386
1,060    164,320
824    131,456
560    112,652
1,828    301,337
2,097    349,289
1,297    209,837
1,767    291,723
1,110    199,433
1,353    235,792
1,608    275,101
929		163,891
1,463    238,649
923    166,550
718    123,007
1,170    184,518
48790,194
1,680    252,944
2,071    317,911
1,348    216,619
1,358    215,333
985    165,258
1,587    252,169
1,261    208,021
532    85,412
978    147,933
2,152    346,515
1,383    241,569
1,256    219,512
1,754    287,137
1,479    228,602
1,917    293,443
801    159,086
1,000    161,178
1,313    205,460
2,739    441,457
1,224    195,306
1,085    185,253
1,601    266,125
1,580    261,629
2,051    322,973
1,346    203,169
1,053    190,813
1,927    310,868
2,105    353,857
1,300    220,457
1,828    307,017
2,370    360,795
1,654    260,527
2,130    331,130
1,022    175,296
1,153    198,139
1,168    199,947
1,760    270,906
1,192    190,840
2,427    387,865
1,561    247,484
1,823    285,865
1,638    258,450
1,616    246,109
964    172,264
648    102,441
1,179    208,741
1,717    282,103
1,450    239,365
1,293    209,170
1,614    266,246
1,537    247,656
637    118,811
1,495    248,995
1,784    295,481
1,065186,467
1,524    243,549
1,894    307,800
1,876    295,664
1,019    163,271
627    104,371
1,169    204,811
1,572    271,159
2,222    351,880
1,156    185,522
1,029    185,356
1,683    266,049
1,511    251,921
929    173,811
980    157,432
1,612    267,339
1,913    288,885
1,332    224,580
1,832    310,257
3,023		490,368
789    142,014
2,490    382,115
1,699    259,692
1,271    225,876
1,561    251,853
1,148    189,396
2,035    321,099
1,835    297,318
1,178    193,971
1,714    290,197
1,440    235,433
2,079    333,180
2,341    364,008
759    140,491
2,511    404,893
1,930	314,151
769    152,023
1,403    221,235
854    143,783
996    155,965
1,072    162,341
1,098    169,895
957    162,682
2,008    339,893
1,541    251,589
1,145    209,404
2,200    366,083
770    151,656
1,001    180,849
1,260    224,370
2,212    345,342
2,235    370,646
1,658	253,332
1,542    238,255
1,948    297,042
1,307	213,370
1,327225,043
2,522    379,117
1,590    242,207
2,000    334,394
874    151,455
1,984    311,831
1,278    223,070
1,133    174,106
1,571    272,507
1,625266,851
1,343    202,693
1,686    270,171
1,560    251,735
1,245    220,339
1,509    234,156
2,151    332,107
997    172,368
539    95,258
1,846    310,886
1,913    326,233
1,422    221,206
2,270    369,222
1,733    270,230
1,417    234,029
1,893    319,184
1,731    282,550
1,376    236,642
1,414	220,224
741    130,127
1,141    180,236
961    165,312
1,136    204,899
1,797    281,837
1,746    295,244
1,541	247,659
2,215    352,331
1,513    235,439
1,333    239,940
779    129,458
3,121    504,247
1,275    203,320
1,100    166,343
1,887    290,254
1,915    323,979
1,208    218,907
630    116,974
2,246    347,847
1,330    238,843
2,398    379,904
1,633    275,768
1,933    312,468
1,287231,222
1,785    272,914
601    111,199
945    157,676
1,226    205,219
1,625    256,453
1,333    215,045
1,635    272,489
1,412    229,695
596    111,249
2,347    361,980
2,042    307,531
1,731    294,826
1,088    176,547
1,293    225,557
1,270    193,419
1,525    233,889
412    74,325
1,409		231,078
2,216    337,614
965    145,077
1,742    274,791
1,747    291,741
1,303    226,143
2,192    345,991
591    89,656
1,530    266,144
1,504    233,146
461    69,276
1,489    248,581
662    134,030
1,692    272,308
1,059    163,121
887    133,499
953    160,035
2,571    399,875
1,173    183,078
2,201    351,215
1,650247,709
1,946		303,074
1,697    278,639
1,661    277,263
1,415    232,641
1,920    294,126
1,317208,800
1,393    242,755
1,273    191,808
1,495    262,368
1,621    278,736
1,424    236,851
662    132,561
1,175    180,877
2,068    337,413
1,481    244,996
1,316    226,529
1,738    286,576
1,606	242,963
1,823    294,885
1,168    178,633
2,547    403,977
1,262    208,472
495    97,695
2,158    359,246
1,784    287,515
1,550    247,473
2,398    377,611
2,233    355,575
1,403    218,584
1,360    227,475
1,323    220,069
1,628    246,460
1,653    277,830
923    172,575
800    123,092
1,628    267,683
1,290    203,923
1,675    277,214
887    151,751
617    111,477
1,736    271,056
1,010    162,683
1,472    229,861
1,625    248,269
2,035    307,475
2,056    313,247
1,523    243,230
1,443    253,840
906    156,573
1,247    216,813
1,339    226,016
2,403    394,474
1,848	281,837
1,214    203,451
2,483    396,876
1,575    265,017
843    150,380
1,216		186,633
551    121,674
1,103    168,997
1,556    246,860
817    136,320
1,282    215,329
1,087    196,549
2,162    352,319
2,101    348,460
2,089    317,670
1,872	305,629
2,827    445,603
